# Created by Octave 5.1.0, Thu Jul 04 19:42:35 2019 GMT <unknown@WGD02RTI649>
# name: A
# type: matrix
# rows: 3
# columns: 2
 1 2
 3 4
 5 6


